18.05,41.061,2.544
17.035,41.228,2.677
18.597,39.815,3.067
19.661,39.782,2.813
18.415,39.752,4.583
18.809,38.813,4.987
18.934,40.582,5.072
17.352,39.826,4.842
17.877,38.613,2.455
16.628,38.605,2.35
18.651,37.559,2.12
19.68,37.633,2.232
18.075,36.324,1.613
18.124,36.307,0.509
17.019,36.288,1.902
18.826,35.096,2.111
20.077,35.042,2.06
18.05,34.081,2.544
17.035,34.248,2.677
18.597,32.835,3.067
19.661,32.802,2.813
18.415,32.772,4.583
18.809,31.833,4.987
18.934,33.602,5.072
17.352,32.846,4.842
17.877,31.633,2.455
16.628,31.625,2.35
18.651,30.579,2.12
19.68,30.653,2.232
18.075,29.344,1.613
18.124,29.327,0.509
17.019,29.308,1.902
18.826,28.116,2.111
20.077,28.062,2.06
18.05,27.101,2.544
17.035,27.268,2.677
18.597,25.855,3.067
19.661,25.822,2.813
18.415,25.792,4.583
18.809,24.853,4.987
18.934,26.622,5.072
17.352,25.866,4.842
17.877,24.653,2.455
16.628,24.645,2.35
18.651,23.599,2.12
19.68,23.673,2.232
18.075,22.364,1.613
18.124,22.347,0.509
17.019,22.328,1.902
18.826,21.136,2.111
20.077,21.082,2.06
18.05,20.121,2.544
17.035,20.288,2.677
18.597,18.875,3.067
19.661,18.842,2.813
18.415,18.812,4.583
18.809,17.873,4.987
18.934,19.642,5.072
17.352,18.886,4.842
17.877,17.673,2.455
16.628,17.665,2.35
18.651,16.619,2.12
19.68,16.693,2.232
18.075,15.384,1.613
18.124,15.367,0.509
17.019,15.348,1.902
18.826,14.156,2.111
20.077,14.102,2.06
18.05,13.141,2.544
17.035,13.308,2.677
18.597,11.895,3.067
19.661,11.862,2.813
18.415,11.832,4.583
18.809,10.893,4.987
18.934,12.662,5.072
17.352,11.906,4.842
17.877,10.693,2.455
16.628,10.685,2.35
18.651,9.639,2.12
19.68,9.713,2.232
18.075,8.404,1.613
18.124,8.387,0.509
17.019,8.368,1.902
18.826,7.176,2.111
20.077,7.122,2.06
18.05,6.161,2.544
17.035,6.328,2.677
18.597,4.915,3.067
19.661,4.882,2.813
18.415,4.852,4.583
18.809,3.913,4.987
18.934,5.682,5.072
17.352,4.926,4.842
17.877,3.713,2.455
16.628,3.705,2.35
18.651,2.659,2.12
19.68,2.733,2.232
18.075,1.424,1.613
18.124,1.407,0.509
17.019,1.388,1.902
18.826,0.196,2.111
20.077,0.142,2.06
13.359,0.939,2.64
12.344,0.771,2.505
13.906,2.185,2.116
14.971,2.217,2.368
13.72,2.249,0.6
14.115,3.188,0.196
14.238,1.419,0.109
12.657,2.177,0.343
13.186,3.388,2.727
11.938,3.397,2.829
13.96,4.44,3.066
14.989,4.368,2.953
13.383,5.675,3.572
13.433,5.692,4.676
12.327,5.71,3.283
14.134,6.903,3.072
15.385,6.952,3.122
13.359,7.919,2.64
12.344,7.751,2.505
13.906,9.165,2.116
14.971,9.197,2.368
13.72,9.229,0.6
14.115,10.168,0.196
14.238,8.399,0.109
12.657,9.157,0.343
13.186,10.368,2.727
11.938,10.377,2.829
13.96,11.42,3.066
14.989,11.348,2.953
13.383,12.655,3.572
13.433,12.672,4.676
12.327,12.69,3.283
14.134,13.883,3.072
15.385,13.932,3.122
13.359,14.899,2.64
12.344,14.731,2.505
13.906,16.145,2.116
14.971,16.177,2.368
13.72,16.209,0.6
14.115,17.148,0.196
14.238,15.379,0.109
12.657,16.137,0.343
13.186,17.348,2.727
11.938,17.357,2.829
13.96,18.4,3.066
14.989,18.328,2.953
13.383,19.635,3.572
13.433,19.652,4.676
12.327,19.67,3.283
14.134,20.863,3.072
15.385,20.912,3.122
13.359,21.879,2.64
12.344,21.711,2.505
13.906,23.125,2.116
14.971,23.157,2.368
13.72,23.189,0.6
14.115,24.128,0.196
14.238,22.359,0.109
12.657,23.117,0.343
13.186,24.328,2.727
11.938,24.337,2.829
13.96,25.38,3.066
14.989,25.308,2.953
13.383,26.615,3.572
13.433,26.632,4.676
12.327,26.65,3.283
14.134,27.843,3.072
15.385,27.892,3.122
13.359,28.859,2.64
12.344,28.691,2.505
13.906,30.105,2.116
14.971,30.137,2.368
13.72,30.169,0.6
14.115,31.108,0.196
14.238,29.339,0.109
12.657,30.097,0.343
13.186,31.308,2.727
11.938,31.317,2.829
13.96,32.36,3.066
14.989,32.288,2.953
13.383,33.595,3.572
13.433,33.612,4.676
12.327,33.63,3.283
14.134,34.823,3.072
15.385,34.872,3.122
13.359,35.839,2.64
12.344,35.671,2.505
13.906,37.085,2.116
14.971,37.117,2.368
13.72,37.149,0.6
14.115,38.088,0.196
14.238,36.319,0.109
12.657,37.077,0.343
13.186,38.288,2.727
11.938,38.297,2.829
13.96,39.34,3.066
14.989,39.268,2.953
13.383,40.575,3.572
13.433,40.592,4.676
12.327,40.61,3.283
14.134,41.803,3.072
15.385,41.852,3.122
11.45,2.671,7.376
12.465,2.838,7.243
10.903,1.425,6.853
9.839,1.392,7.107
11.085,1.362,5.337
10.691,0.423,4.933
10.566,2.192,4.848
12.148,1.436,5.078
11.623,0.223,7.465
12.872,0.215,7.57
10.849,6.149,7.8
9.82,6.223,7.688
11.425,4.914,8.307
11.376,4.897,9.411
12.481,4.878,8.018
10.674,3.686,7.809
9.423,3.633,7.86
11.45,9.651,7.376
12.465,9.818,7.243
10.903,8.405,6.853
9.839,8.372,7.107
11.085,8.342,5.337
10.691,7.403,4.933
10.566,9.172,4.848
12.148,8.416,5.078
11.623,7.203,7.465
12.872,7.195,7.57
10.849,13.129,7.8
9.82,13.203,7.688
11.425,11.894,8.307
11.376,11.877,9.411
12.481,11.858,8.018
10.674,10.666,7.809
9.423,10.613,7.86
11.45,16.631,7.376
12.465,16.798,7.243
10.903,15.385,6.853
9.839,15.352,7.107
11.085,15.322,5.337
10.691,14.383,4.933
10.566,16.152,4.848
12.148,15.396,5.078
11.623,14.183,7.465
12.872,14.175,7.57
10.849,20.109,7.8
9.82,20.183,7.688
11.425,18.874,8.307
11.376,18.857,9.411
12.481,18.838,8.018
10.674,17.646,7.809
9.423,17.593,7.86
11.45,23.611,7.376
12.465,23.778,7.243
10.903,22.365,6.853
9.839,22.332,7.107
11.085,22.302,5.337
10.691,21.363,4.933
10.566,23.132,4.848
12.148,22.376,5.078
11.623,21.163,7.465
12.872,21.155,7.57
10.849,27.089,7.8
9.82,27.163,7.688
11.425,25.854,8.307
11.376,25.837,9.411
12.481,25.818,8.018
10.674,24.626,7.809
9.423,24.573,7.86
11.45,30.591,7.376
12.465,30.758,7.243
10.903,29.345,6.853
9.839,29.312,7.107
11.085,29.282,5.337
10.691,28.343,4.933
10.566,30.112,4.848
12.148,29.356,5.078
11.623,28.143,7.465
12.872,28.135,7.57
10.849,34.069,7.8
9.82,34.143,7.688
11.425,32.834,8.307
11.376,32.817,9.411
12.481,32.798,8.018
10.674,31.606,7.809
9.423,31.553,7.86
11.45,37.571,7.376
12.465,37.738,7.243
10.903,36.325,6.853
9.839,36.292,7.107
11.085,36.262,5.337
10.691,35.323,4.933
10.566,37.092,4.848
12.148,36.336,5.078
11.623,35.123,7.465
12.872,35.115,7.57
10.849,41.049,7.8
9.82,41.123,7.688
11.425,39.814,8.307
11.376,39.797,9.411
12.481,39.778,8.018
10.674,38.586,7.809
9.423,38.533,7.86
16.141,39.329,7.28
17.156,39.161,7.415
15.594,40.575,7.804
14.529,40.607,7.552
15.78,40.639,9.32
15.385,41.578,9.724
15.262,39.809,9.811
16.843,40.567,9.577
16.314,41.778,7.193
17.562,41.787,7.091
15.54,35.85,6.854
14.511,35.778,6.967
16.117,37.085,6.348
16.067,37.102,5.244
17.173,37.12,6.637
15.366,38.313,6.848
14.115,38.362,6.798
16.141,32.349,7.28
17.156,32.181,7.415
15.594,33.595,7.804
14.529,33.627,7.552
15.78,33.659,9.32
15.385,34.598,9.724
15.262,32.829,9.811
16.843,33.587,9.577
16.314,34.798,7.193
17.562,34.807,7.091
15.54,28.87,6.854
14.511,28.798,6.967
16.117,30.105,6.348
16.067,30.122,5.244
17.173,30.14,6.637
15.366,31.333,6.848
14.115,31.382,6.798
16.141,25.369,7.28
17.156,25.201,7.415
15.594,26.615,7.804
14.529,26.647,7.552
15.78,26.679,9.32
15.385,27.618,9.724
15.262,25.849,9.811
16.843,26.607,9.577
16.314,27.818,7.193
17.562,27.827,7.091
15.54,21.89,6.854
14.511,21.818,6.967
16.117,23.125,6.348
16.067,23.142,5.244
17.173,23.16,6.637
15.366,24.353,6.848
14.115,24.402,6.798
16.141,18.389,7.28
17.156,18.221,7.415
15.594,19.635,7.804
14.529,19.667,7.552
15.78,19.699,9.32
15.385,20.638,9.724
15.262,18.869,9.811
16.843,19.627,9.577
16.314,20.838,7.193
17.562,20.847,7.091
15.54,14.91,6.854
14.511,14.838,6.967
16.117,16.145,6.348
16.067,16.162,5.244
17.173,16.18,6.637
15.366,17.373,6.848
14.115,17.422,6.798
16.141,11.409,7.28
17.156,11.241,7.415
15.594,12.655,7.804
14.529,12.687,7.552
15.78,12.719,9.32
15.385,13.658,9.724
15.262,11.889,9.811
16.843,12.647,9.577
16.314,13.858,7.193
17.562,13.867,7.091
15.54,7.93,6.854
14.511,7.858,6.967
16.117,9.165,6.348
16.067,9.182,5.244
17.173,9.2,6.637
15.366,10.393,6.848
14.115,10.442,6.798
16.141,4.429,7.28
17.156,4.261,7.415
15.594,5.675,7.804
14.529,5.707,7.552
15.78,5.739,9.32
15.385,6.678,9.724
15.262,4.909,9.811
16.843,5.667,9.577
16.314,6.878,7.193
17.562,6.887,7.091
15.54,0.95,6.854
14.511,0.878,6.967
16.117,2.185,6.348
16.067,2.202,5.244
17.173,2.22,6.637
15.366,3.413,6.848
14.115,3.462,6.798
18.05,41.061,12.034
17.035,41.228,12.167
18.597,39.815,12.557
19.661,39.782,12.303
18.415,39.752,14.073
18.809,38.813,14.477
18.934,40.582,14.562
17.352,39.826,14.332
17.877,38.613,11.945
16.628,38.605,11.84
18.651,37.559,11.61
19.68,37.633,11.722
18.075,36.324,11.103
18.124,36.307,9.999
17.019,36.288,11.392
18.826,35.096,11.601
20.077,35.042,11.55
18.05,34.081,12.034
17.035,34.248,12.167
18.597,32.835,12.557
19.661,32.802,12.303
18.415,32.772,14.073
18.809,31.833,14.477
18.934,33.602,14.562
17.352,32.846,14.332
17.877,31.633,11.945
16.628,31.625,11.84
18.651,30.579,11.61
19.68,30.653,11.722
18.075,29.344,11.103
18.124,29.327,9.999
17.019,29.308,11.392
18.826,28.116,11.601
20.077,28.062,11.55
18.05,27.101,12.034
17.035,27.268,12.167
18.597,25.855,12.557
19.661,25.822,12.303
18.415,25.792,14.073
18.809,24.853,14.477
18.934,26.622,14.562
17.352,25.866,14.332
17.877,24.653,11.945
16.628,24.645,11.84
18.651,23.599,11.61
19.68,23.673,11.722
18.075,22.364,11.103
18.124,22.347,9.999
17.019,22.328,11.392
18.826,21.136,11.601
20.077,21.082,11.55
18.05,20.121,12.034
17.035,20.288,12.167
18.597,18.875,12.557
19.661,18.842,12.303
18.415,18.812,14.073
18.809,17.873,14.477
18.934,19.642,14.562
17.352,18.886,14.332
17.877,17.673,11.945
16.628,17.665,11.84
18.651,16.619,11.61
19.68,16.693,11.722
18.075,15.384,11.103
18.124,15.367,9.999
17.019,15.348,11.392
18.826,14.156,11.601
20.077,14.102,11.55
18.05,13.141,12.034
17.035,13.308,12.167
18.597,11.895,12.557
19.661,11.862,12.303
18.415,11.832,14.073
18.809,10.893,14.477
18.934,12.662,14.562
17.352,11.906,14.332
17.877,10.693,11.945
16.628,10.685,11.84
18.651,9.639,11.61
19.68,9.713,11.722
18.075,8.404,11.103
18.124,8.387,9.999
17.019,8.368,11.392
18.826,7.176,11.601
20.077,7.122,11.55
18.05,6.161,12.034
17.035,6.328,12.167
18.597,4.915,12.557
19.661,4.882,12.303
18.415,4.852,14.073
18.809,3.913,14.477
18.934,5.682,14.562
17.352,4.926,14.332
17.877,3.713,11.945
16.628,3.705,11.84
18.651,2.659,11.61
19.68,2.733,11.722
18.075,1.424,11.103
18.124,1.407,9.999
17.019,1.388,11.392
18.826,0.196,11.601
20.077,0.142,11.55